0	0
0	0
--------------------
0	0
0	1
--------------------
0	0
1	0
--------------------
0	0
1	1
--------------------
0	1
0	0
--------------------
0	1
0	1
--------------------
0	1                               Not separable
1	0
--------------------
0	1
1	1
--------------------
1	0
0	0
--------------------
1	0                               Not separable
0	1
--------------------
1	0
1	0
--------------------
1	0
1	1
--------------------
1	1
0	0
--------------------
1	1
0	1
--------------------
1	1
1	0
--------------------
1	1
1	1
--------------------
******************************
0	0
--------------------
0	1
--------------------
1	0                   
--------------------
1	1
--------------------
******************************
0	0	0
--------------------
0	0	1
--------------------
0	1	0
--------------------
0	1	1
--------------------
1	0	0
--------------------
1	0	1                   Contraditory to h(x) for intervals
--------------------
1	1	0
--------------------
1	1	1
--------------------
******************************
